linregs,linregs.abs,sites,site_no,RBI forloop noncatch,RBI forloop catch,RBI_value_ind_noncatch,RBI_value_ind_catch
22.8644,22.8644,BLUE,02319950,0.06537746323672151,NA,0.001869198848230194,NA
-873.27,873.27,BOW,02313098,0.006969663655396897,NA,NA,NA
-5886.7,5886.7,CAL,02292900,NA,NA,0.02335671677348338,NA
-60.457,60.457,CHAS,02310650,0.1019216226787976,NA,0.1015864869151686,NA
-15.5647,15.5647,CRANE,02249500,0.010760643200000083,8.540193015873082e-4,0.010376021159526636,8.234937428195743e-4
-1.82465,1.82465,DRAIN,02248600,0.01354399776759757,NA,0.015907864665217247,NA
-87.731,87.731,FAN,02323502,0.12791252427707328,NA,0.055493478044657596,NA
625.709,625.709,FELL,02251767,NA,NA,0.004564902437089008,NA
413.069,413.069,HOL,02322688,6.394193294868123e-4,NA,6.577995002262783e-4,NA
-20.652,20.652,HOM,02310678,0.00663474903838966,NA,0.0062382995950573525,NA
479.398,479.398,HUN,02310743,0.2189674738955563,NA,0.22418346824739205,NA
-302.023,302.023,ICHE,02322700,0.010859809806373443,5.098502256513354e-5,0.018681638528895587,8.770722314035487e-5
110.978,110.978,MAD,02319302,0.06130982009403754,NA,0.002057786934663942,NA
-223.096,223.096,MAIN,02253000,NA,NA,0.09279565568147502,NA
67.609,67.609,MAN,02323566,0.06261120961653219,NA,0.007973741589594206,NA
59.356,59.356,RAIN,02313100,3.003102615985603e-4,NA,2.208140340465695e-4,NA
-4061.28,4061.28,SANTA,02322800,0.03534527415971927,2.5724362561658857e-5,0.03325992938357236,2.420664438396824e-5
5.3744,5.3744,THREE,02289035,0.46976381823085506,NA,0.4881192935785188,NA
1.769,1.769,TURK,02250030,0.06517095059388586,6.206757199417702e-4,0.07253950185830343,6.908523986505089e-4
-7.6549,7.6549,TURN,02248350,0.5181841257525397,NA,2.714421284315978,NA
401.3,401.3,WAC,02326526,0.027475423335896143,NA,0.04145740891926294,NA
